1000 0.000116
2000 0.000243
3000 0.000411
4000 0.000671
5000 0.000657
6000 0.000802
7000 0.000961
8000 0.001256
9000 0.001294
10000 0.001446
11000 0.001715
12000 0.001819
13000 0.001888
14000 0.002372
15000 0.002778
16000 0.002830
17000 0.002546
18000 0.002807
19000 0.003035
20000 0.003245
21000 0.003600
22000 0.003616
23000 0.003971
24000 0.003943
25000 0.004085
26000 0.004305
27000 0.004467
28000 0.004623
29000 0.004791
30000 0.005038
31000 0.005146
32000 0.005194
33000 0.005487
34000 0.005647
35000 0.005806
36000 0.006038
37000 0.006149
38000 0.006404
39000 0.006483
40000 0.006715
41000 0.006729
42000 0.006961
43000 0.007087
44000 0.007325
45000 0.007428
46000 0.007698
47000 0.007788
48000 0.007941
49000 0.008255
50000 0.008325
51000 0.008683
52000 0.008716
53000 0.008920
54000 0.009011
55000 0.009213
56000 0.009455
57000 0.009490
58000 0.009675
59000 0.009952
60000 0.010030
61000 0.010333
62000 0.010251
63000 0.010712
64000 0.010838
65000 0.010640
66000 0.011204
67000 0.011198
68000 0.011578
69000 0.011741
70000 0.011866
71000 0.013227
72000 0.013463
73000 0.013645
74000 0.012668
75000 0.012762
76000 0.012930
77000 0.013263
78000 0.013334
79000 0.013630
80000 0.013611
81000 0.013884
82000 0.014032
83000 0.014329
84000 0.014409
85000 0.014793
86000 0.014937
87000 0.014958
88000 0.015267
89000 0.015464
90000 0.015549
91000 0.015695
92000 0.015993
93000 0.016212
94000 0.016208
95000 0.016532
96000 0.016789
97000 0.016868
98000 0.016941
99000 0.017065
100000 0.017341
