1000 0.000138
2000 0.000269
3000 0.000452
4000 0.000563
5000 0.000739
6000 0.000959
7000 0.001099
8000 0.001265
9000 0.001451
10000 0.001821
11000 0.001785
12000 0.001932
13000 0.002129
14000 0.002396
15000 0.002508
16000 0.002619
17000 0.002775
18000 0.004000
19000 0.005951
20000 0.003343
21000 0.003480
22000 0.003804
23000 0.003988
24000 0.004133
25000 0.004162
26000 0.004478
27000 0.004767
28000 0.004839
29000 0.004997
30000 0.005179
31000 0.005414
32000 0.005670
33000 0.005755
34000 0.005985
35000 0.006476
36000 0.006444
37000 0.006609
38000 0.006863
39000 0.007106
40000 0.007253
41000 0.007424
42000 0.007777
43000 0.010448
44000 0.010055
45000 0.008449
46000 0.008684
47000 0.008647
48000 0.009890
49000 0.009775
50000 0.010047
51000 0.009704
52000 0.010521
53000 0.014453
54000 0.015308
55000 0.012844
56000 0.012322
57000 0.010816
58000 0.010457
59000 0.010774
60000 0.010851
61000 0.011160
62000 0.011309
63000 0.011770
64000 0.013346
65000 0.011945
66000 0.012018
67000 0.012075
68000 0.012632
69000 0.012856
70000 0.013678
71000 0.013399
72000 0.013745
73000 0.013470
74000 0.013253
75000 0.013958
76000 0.013755
77000 0.014158
78000 0.014283
79000 0.014408
80000 0.019173
81000 0.015271
82000 0.014702
83000 0.014980
84000 0.015157
85000 0.015537
86000 0.015632
87000 0.015708
88000 0.015929
89000 0.016053
90000 0.016343
91000 0.016506
92000 0.016609
93000 0.016865
94000 0.017004
95000 0.017237
96000 0.017419
97000 0.017409
98000 0.017559
99000 0.017839
100000 0.024792
